Column 4,Product Code,Item Description,Qty
,TVD_109_16,CG Silk Shine Dressing (16oz),2
,TVD 104 16,CG Bare Bones Undercarriage Spray (16oz),2
,SPI 216 16,CG Leather Quick Detailer (16oz),2
,SPI 401 16,CG Vintage Leather Conditioner (16 oz),2
,ACC-118,CG Dillution Bottle With Sprayer (16oz),6
,CG-BLUE-APP,CG Blue Applicator,10
,NA-CS516,NS Cherry Suds Wash & Shine Shampoo 1:127 (16oz),4
,NA-WAT16,NS WATERLESS Wash - 4:1/Spray Wax RTU,1
,NA-QSE16,NS Quick Shine Quick Detailer Spray RTU (16oz),1
,NA-CCR16,NS Crystal-Clear VDC Free Glass Cleaner (16oz),2
,NA-AFR32-BIE,NS Air Freshner 9:1 Conc. BLACK ICE (32oz),1
,DS50,CP Descale Shampoo (500ml),2
,30,CP Reset Car Shampoo (500ml) (1:500 Ratio),6
,CP-IRONX-CHERRY,CP Iron X Cherry (500ml),1
,UC1L,CP Ultra Cut Compound (1kg) 800 Grit Cut,1
,ES1L,CP Essence SiO2 Based Polish & Primer (1L),1
,esp25,CP Essence Plus SiO2 Based Jeweling Coat (250ml),1
,131,CP PERL Coating (500ml) Ratio (Upto 1:10) Water Based SiO2 Multi Use Dressing,4
,10cqk100,CP C. Quartz UK 3.0 (100ml) (2 Years + Life),1
,534BN,"BNS Uro-Tec Yellow Polishing Foam Pad (5"")",4